0.1	0	-1	-1	13.6481	0.3132
0.1	0.1	12.8175	0.7211	13.8756	0.6721
0.1	0.3	12.9678	0.2177	13.9413	0.1205
0.1	0.5	13.1256	0.5204	13.8523	0.3789
0.1	0.7	12.8563	0.146	14.3724	1.0629
0.1	0.9	12.2712	0.3158	15.1618	0.7926
0.1	1	12.6967	0.0168	-1	-1
0.2	0	-1	-1	9.7623	0.3659
0.2	0.1	9.5479	1.0442	9.801	0.3847
0.2	0.3	9.0388	0.043	9.7312	0.1328
0.2	0.5	9.4028	0.135	9.7879	0.5333
0.2	0.7	9.1577	0.0582	9.3191	0.4044
0.2	0.9	9.0397	0.3163	9.3048	0.5751
0.2	1	9.3302	0.148	-1	-1
0.3	0	-1	-1	7.3825	0.0131
0.3	0.1	7.3772	0.2838	7.1529	0.224
0.3	0.3	6.8274	0.1784	7.2295	0.0688
0.3	0.5	6.8322	0.1539	7.5441	0.2672
0.3	0.7	6.7788	0.0112	7.2696	0.2057
0.3	0.9	6.8316	0.1622	6.566	0.0526
0.3	1	6.7046	0.1607	-1	-1
0.4	0	-1	-1	5.3092	0.1968
0.4	0.1	4.6425	0.5209	5.3815	0.0853
0.4	0.3	5.2015	0.1215	5.36	0.1478
0.4	0.5	4.9319	0.3216	5.4766	0.1271
0.4	0.7	4.9668	0.0686	5.3789	0.0925
0.4	0.9	4.9235	0.0575	5.0966	0.2307
0.4	1	4.9698	0.2131	-1	-1
0.5	0	-1	-1	3.6967	0.0766
0.5	0.1	3.9321	0.0214	3.773	0.0336
0.5	0.3	3.2664	0.0883	3.7435	0.0894
0.5	0.5	3.5152	0.0679	3.7184	0.0052
0.5	0.7	3.4437	0.0233	3.6256	0.0913
0.5	0.9	3.4496	0.0092	3.2882	0.3976
0.5	1	3.474	0.0644	-1	-1
0.6	0	-1	-1	2.6578	0.0738
0.6	0.1	2.1375	0.3021	2.6057	0.1158
0.6	0.3	2.4355	0.1419	2.6297	0.0003
0.6	0.5	2.4601	0.0315	2.4377	0.0456
0.6	0.7	2.452	0.0062	2.4429	0.0555
0.6	0.9	2.3214	0.0626	2.4658	0.1227
0.6	1	2.2823	0.0293	-1	-1
0.7	0	-1	-1	1.4865	0.0329
0.7	0.1	1.3954	0.0347	1.5054	0.0053
0.7	0.3	1.4456	0.0078	1.4323	0.0506
0.7	0.5	1.408	0.017	1.4421	0.0094
0.7	0.7	1.3912	0.0234	1.4454	0.0578
0.7	0.9	1.3123	0.0043	1.4402	0.0082
0.7	1	1.3534	0.0044	-1	-1
0.8	0	-1	-1	0.4641	0.0032
0.8	0.1	0.4256	0.0009	0.4521	0.0166
0.8	0.3	0.4527	0.0183	0.4513	0.0059
0.8	0.5	0.4427	0.0176	0.4485	0.0048
0.8	0.7	0.4078	0.0099	0.452	0.0215
0.8	0.9	0.4194	0.0143	0.4749	0.0281
0.8	1	0.4064	0.0145	-1	-1
