0.1	0	-1	-1	13.7934	0.0742
0.1	0.1	11.8269	0.0305	13.9866	0.0207
0.1	0.3	12.8554	0.4602	13.6093	0.1058
0.1	0.5	12.1951	0.4653	13.9426	0.3132
0.1	0.7	12.2084	0.2322	14.8372	0.7635
0.1	0.9	12.1058	0.0777	14.5218	0.9457
0.1	1	12.4883	0.2418	-1	-1
0.2	0	-1	-1	9.8167	0.2581
0.2	0.1	8.6017	0.7758	10.0279	0.1884
0.2	0.3	9.1746	0.3372	9.8612	0.0528
0.2	0.5	9.1953	0.0435	9.596	0.0202
0.2	0.7	9.2625	0.111	9.919	0.2812
0.2	0.9	8.9399	0.2174	9.4946	0.1936
0.2	1	8.777	0.2944	-1	-1
0.3	0	-1	-1	7.2447	0.0303
0.3	0.1	6.6922	0.2231	7.1324	0.2152
0.3	0.3	6.4231	0.0084	7.057	0.1266
0.3	0.5	6.4646	0.3029	7.4437	0.0479
0.3	0.7	6.5426	0.1155	6.7347	0.2847
0.3	0.9	6.7035	0.046	6.8907	0.0031
0.3	1	6.4816	0.245	-1	-1
0.4	0	-1	-1	5.5431	0.1678
0.4	0.1	4.7114	0.0784	5.2093	0.1744
0.4	0.3	4.7507	0.271	5.3961	0.1081
0.4	0.5	5.0051	0.2091	5.1697	0.1366
0.4	0.7	5.2315	0.196	5.1244	0.4474
0.4	0.9	4.9577	0.1949	5.0359	0.3596
0.4	1	4.7759	0.1394	-1	-1
0.5	0	-1	-1	3.7198	0.075
0.5	0.1	3.7728	0.3121	3.7503	0.0384
0.5	0.3	3.4942	0.0323	3.7785	0.0538
0.5	0.5	3.5281	0.0739	3.4525	0.0691
0.5	0.7	3.4167	0.0077	3.5988	0.2674
0.5	0.9	3.4747	0.008	3.7054	0.2104
0.5	1	3.3806	0.0239	-1	-1
0.6	0	-1	-1	2.4615	0.0228
0.6	0.1	2.3606	0.1215	2.434	0.0281
0.6	0.3	2.3111	0.1163	2.3885	0.0155
0.6	0.5	2.2806	0.0303	2.4032	0.1441
0.6	0.7	2.2176	0.0324	2.3681	0.0136
0.6	0.9	2.245	0.0227	2.274	0.1886
0.6	1	2.1737	0.0345	-1	-1
0.7	0	-1	-1	1.468	0.019
0.7	0.1	1.3856	0.1011	1.4604	0.0121
0.7	0.3	1.3159	0.0083	1.4236	0.0052
0.7	0.5	1.2893	0.0238	1.3679	0.0347
0.7	0.7	1.328	0.0275	1.3791	0.0115
0.7	0.9	1.28	0.0217	1.2866	0.0704
0.7	1	1.2984	0.0001	-1	-1
0.8	0	-1	-1	0.3935	0.0329
0.8	0.1	0.3128	0.0362	0.3948	0.0285
0.8	0.3	0.351	0.0123	0.3749	0.0158
0.8	0.5	0.3602	0.0235	0.3624	0.0566
0.8	0.7	0.3614	0.0071	0.3314	0.0445
0.8	0.9	0.351	0.0283	0.3105	0.0668
0.8	1	0.3478	0.0284	-1	-1
