0.1	0	-1	-1	13.0658	0.3036
0.1	0.1	10.2755	0.1573	12.7846	0.4851
0.1	0.3	10.5156	0.1946	13.3417	0.1781
0.1	0.5	10.8366	0.2604	13.1223	0.3258
0.1	0.7	10.4949	0.5161	13.6666	0.2661
0.1	0.9	10.8492	0.0749	13.0471	0.4364
0.1	1	10.6986	0.3615	-1	-1
0.2	0	-1	-1	9.6018	0.4015
0.2	0.1	7.7659	0.8137	8.7982	0.1614
0.2	0.3	7.7547	0.0054	9.2899	0.1964
0.2	0.5	7.1145	0.5055	8.7985	0.0789
0.2	0.7	7.7623	0.1955	8.9353	0.1603
0.2	0.9	7.5668	0.0956	9.2124	0.7683
0.2	1	7.4984	0.3418	-1	-1
0.3	0	-1	-1	6.783	0.1405
0.3	0.1	5.3643	0.2408	6.8511	0.0457
0.3	0.3	5.989	0.0373	6.6207	0.1376
0.3	0.5	5.4582	0.1321	6.5508	0.4123
0.3	0.7	5.5568	0.093	6.1657	0.4209
0.3	0.9	5.5507	0.0835	5.9307	0.9579
0.3	1	5.4813	0.0194	-1	-1
0.4	0	-1	-1	5.1022	0.091
0.4	0.1	4.7355	0.4979	4.9704	0.1013
0.4	0.3	4.2211	0.2739	4.9663	0.0395
0.4	0.5	4.0633	0.2693	4.916	0.0974
0.4	0.7	4.1975	0.028	4.6859	0.0729
0.4	0.9	3.9713	0.0107	4.8011	0.1599
0.4	1	4.0614	0.078	-1	-1
0.5	0	-1	-1	3.7931	0.0393
0.5	0.1	3.4581	0.1539	3.606	0.0741
0.5	0.3	3.2379	0.0425	3.5719	0.0265
0.5	0.5	3.3345	0.1581	3.6092	0.0274
0.5	0.7	3.0616	0.0567	3.4555	0.013
0.5	0.9	3.0414	0.0245	3.4496	0.1098
0.5	1	3.0456	0.0641	-1	-1
0.6	0	-1	-1	2.6778	0.0469
0.6	0.1	2.1711	0.1164	2.5956	0.0666
0.6	0.3	2.2857	0.0264	2.6006	0.0489
0.6	0.5	2.279	0.0544	2.455	0.0463
0.6	0.7	2.2283	0.0943	2.497	0.0399
0.6	0.9	2.1646	0.0471	2.7009	0.3724
0.6	1	2.2053	0.0307	-1	-1
0.7	0	-1	-1	1.757	0.0225
0.7	0.1	1.6066	0.1188	1.8059	0.0136
0.7	0.3	1.5666	0.0412	1.6628	0.0033
0.7	0.5	1.5494	0.0479	1.6924	0.0544
0.7	0.7	1.4975	0.0021	1.5511	0.0166
0.7	0.9	1.4204	0.012	1.4074	0.0211
0.7	1	1.4122	0.0131	-1	-1
0.8	0	-1	-1	0.9409	0.0034
0.8	0.1	0.942	0.0035	0.9199	0.0045
0.8	0.3	0.839	0.0168	0.8873	0.0276
0.8	0.5	0.8295	0.0064	0.8275	0.024
0.8	0.7	0.7535	0.0107	0.7923	0.0629
0.8	0.9	0.6688	0.0491	0.7165	0.0608
0.8	1	0.6388	0.033	-1	-1
